66666 2401   38 0001 2401 0 6 EWINIAR                            20250301
2024052400 1  83 1283 1004      13
2024052406 1  90 1273 1004      13
2024052412 1 100 1265 1004      13
2024052418 1 111 1256 1002      15
2024052500 1 123 1240 1002      15
2024052506 1 127 1229 1002      15
2024052512 2 131 1224  998      18
2024052518 2 135 1219  990      23
2024052600 3 140 1215  980      28
2024052606 4 144 1217  975      33
2024052612 4 149 1222  965      38
2024052618 5 155 1225  955      42
2024052700 5 158 1228  955      42
2024052706 5 162 1233  955      42
2024052712 4 169 1240  965      38
2024052718 4 175 1246  965      38
2024052800 4 183 1253  970      35
2024052806 4 197 1267  970      35
2024052812 4 208 1280  970      35
2024052818 4 224 1295  970      35
2024052900 4 240 1308  970      35
2024052906 4 255 1321  975      33
2024052912 4 264 1332  975      33
2024052918 3 271 1339  980      30
2024053000 3 278 1350  982      28
2024053006 2 288 1358  990      23
2024053012 2 300 1369  992      20
2024053018 2 317 1384  994      18
2024053100 9 331 1398  994      18
2024053106 9 346 1430  992      20
2024053112 9 361 1462  992      20
2024053118 9 381 1509  992      20
2024060100 9 393 1551  992      20
2024060106 9 405 1586  992      20
2024060112 9 416 1626  992      20
2024060118 9 433 1682  992      20
2024060200 9 448 1738  992      20
2024060206 9 462 1792  992      20
66666 2402   23 0002 2402 0 3 MALIKSI                            20250301
2024053006 1 181 1120 1002      13
2024053012 1 183 1120 1000      15
2024053018 1 186 1120 1000      15
2024053021 1 189 1119 1000      15
2024053100 1 193 1119 1000      15
2024053103 1 198 1120 1000      15
2024053106 2 203 1119  998      18
2024053109 2 205 1117  998      18
2024053112 2 208 1115  998      18
2024053115 2 212 1115  998      18
2024053118 2 216 1116  998      18
2024053121 2 220 1119  998      18
2024060100 1 224 1121 1000      15
2024060103 1 228 1123 1000      15
2024060106 1 233 1126 1002      13
2024060109 1 237 1129 1002      13
2024060112 1 240 1135 1002      13
2024060115 0 244 1144 1005      10
2024060118 0 247 1150 1005      10
2024060121 0 248 1156 1005      10
2024060200 0 248 1163 1005      10
2024060203 0 246 1168 1005      10
2024060206 0 243 1171 1005      10
66666 0000   10 0003 0000 0 6 (nameless)                         20250301
2024071300 1 132 1139 1002      13
2024071306 1 131 1133 1002      13
2024071312 1 134 1128 1002      13
2024071318 1 137 1123 1002      13
2024071400 1 142 1119 1002      13
2024071406 1 146 1114 1002      13
2024071412 1 150 1109 1002      13
2024071418 1 157 1100 1002      13
2024071500 1 165 1091 1002      13
2024071506 1 172 1083 1002      13
66666 2403   54 0004 2403 0 3 GAEMI                              20250301
2024071900 1 118 1333 1004      13
2024071906 1 128 1324 1004      13
2024071912 1 137 1314 1004      13
2024071918 1 146 1298 1002      15
2024072000 1 153 1286 1002      15
2024072006 2 158 1275  998      18
2024072012 2 160 1271  998      18
2024072018 2 162 1265  992      20
2024072100 2 165 1258  990      23
2024072106 3 166 1257  982      28
2024072112 3 167 1256  982      28
2024072118 3 170 1256  982      28
2024072200 3 174 1256  982      28
2024072206 3 179 1255  980      30
2024072212 4 183 1253  975      33
2024072218 4 187 1252  965      38
2024072300 4 196 1251  960      40
2024072306 5 206 1250  955      42
2024072312 5 219 1245  950      45
2024072318 6 228 1236  935      52
2024072321 6 231 1235  935      52
2024072400 6 235 1233  935      52
2024072403 6 239 1229  935      52
2024072406 6 242 1225  930      55
2024072409 6 241 1219  930      55
2024072412 5 236 1217  940      50
2024072415 5 241 1219  945      48
2024072418 5 247 1215  950      45
2024072421 5 250 1208  955      42
2024072500 4 251 1202  965      38
2024072503 4 251 1200  965      38
2024072506 4 252 1198  970      35
2024072509 4 252 1196  970      35
2024072512 4 251 1192  972      33
2024072515 3 251 1190  975      30
2024072518 3 255 1188  978      28
2024072521 3 259 1186  980      25
2024072600 3 265 1182  982      25
2024072603 2 270 1179  984      23
2024072606 2 274 1177  986      20
2024072609 2 278 1174  988      18
2024072612 2 280 1171  988      18
2024072615 1 282 1168  992      15
2024072618 1 284 1164  992      15
2024072621 1 288 1162  992      15
2024072700 1 291 1161  994      15
2024072703 1 294 1159  995      15
2024072706 1 297 1156  995      15
2024072709 1 297 1154  995      15
2024072712 1 296 1152  998      13
2024072715 1 295 1149  998      13
2024072718 1 295 1147  998      13
2024072721 1 295 1144  998      13
2024072800 0 295 1142  998      10
66666 2404   32 0005 2404 0 3 PRAPIROON                          20250301
2024071906 1 141 1181 1002      13
2024071912 1 147 1168 1002      13
2024071918 1 151 1157 1000      15
2024072000 1 158 1146 1000      15
2024072006 1 162 1137 1000      15
2024072012 1 164 1126 1000      15
2024072015 1 163 1120 1000      15
2024072018 1 162 1117 1000      15
2024072021 2 161 1115  998      18
2024072100 2 161 1113  998      18
2024072103 2 164 1111  998      18
2024072106 2 169 1110  995      20
2024072109 2 174 1110  990      23
2024072112 2 179 1108  990      23
2024072115 3 183 1106  988      25
2024072118 3 188 1102  985      28
2024072121 2 194 1097  990      23
2024072200 2 195 1092  990      23
2024072203 3 198 1089  988      25
2024072206 3 201 1086  985      28
2024072212 3 204 1082  980      30
2024072218 3 208 1078  985      28
2024072300 2 213 1075  990      23
2024072306 2 216 1073  992      18
2024072312 1 218 1070  995      13
2024072318 1 218 1068  995      13
2024072400 1 219 1067  995      13
2024072406 1 219 1069  995      13
2024072412 1 214 1071  995      13
2024072418 1 211 1078  995      13
2024072500 1 212 1085  995      13
2024072506 1 215 1088  995      13
66666 2405   32 0006 2405 0 6 MARIA                              20250301
2024080600 1 257 1406 1002      13
2024080606 1 257 1407 1002      13
2024080612 1 257 1408 1002      13
2024080618 1 257 1410 1002      13
2024080700 1 256 1414 1000      15
2024080706 1 256 1418 1000      15
2024080712 1 256 1422 1000      15
2024080718 2 258 1428  996      18
2024080800 2 265 1440  990      20
2024080806 2 278 1448  985      23
2024080812 3 289 1455  980      28
2024080818 3 300 1458  975      30
2024080900 3 308 1461  975      30
2024080906 3 322 1460  975      30
2024080912 3 332 1459  975      30
2024080918 3 341 1460  975      30
2024081000 3 349 1460  975      30
2024081006 3 357 1454  980      28
2024081012 3 363 1452  985      25
2024081018 3 368 1450  985      25
2024081100 3 375 1445  985      25
2024081106 3 377 1439  985      25
2024081112 3 379 1434  985      25
2024081118 3 383 1427  985      25
2024081200 2 390 1417  992      23
2024081206 2 397 1408  996      20
2024081212 2 403 1399  998      18
2024081218 1 409 1391 1002      15
2024081300 1 416 1389 1004      13
2024081306 1 422 1390 1004      13
2024081312 1 421 1391 1006      13
2024081318 1 420 1391 1006      13
66666 2406   33 0007 2406 0 6 SON-TINH                           20250301
2024081012 1 264 1536 1000      15
2024081018 1 267 1544 1000      15
2024081100 1 272 1549 1000      15
2024081106 1 278 1551 1000      15
2024081112 2 291 1548  998      18
2024081118 2 301 1544  998      18
2024081200 2 313 1531  998      18
2024081206 2 324 1515  998      18
2024081212 2 331 1505  998      18
2024081218 1 342 1494  998      18
2024081300 1 352 1479  998      18
2024081306 1 360 1468 1000      15
2024081312 1 373 1459 1000      15
2024081318 1 386 1456 1002      13
2024081400 0 400 1458 1004      10
2024081406 0 416 1466 1004      10
2024081412 0 434 1480 1004      10
2024081418 0 445 1501 1004      10
2024081500 9 464 1542 1004      10
2024081506 9 477 1580 1000      13
2024081512 9 479 1625 1000      13
2024081518 9 469 1659  992      15
2024081600 9 467 1688  992      15
2024081606 9 471 1728  985      18
2024081612 9 489 1760  985      18
2024081618 9 511 1786  985      18
2024081700 9 536 1798  980      20
2024081706 9 555 1805  980      20
2024081712 9 566 1796  980      20
2024081718 9 566 1797  975      23
2024081800 9 568 1820  975      23
2024081806 9 577 1852  984      18
2024081812 9 591 1887  982      18
66666 2407   38 0008 2407 0 6 AMPIL                              20250301
2024081206 1 224 1360 1000      15
2024081212 1 233 1367 1000      15
2024081218 2 239 1373  998      18
2024081300 2 244 1379  990      23
2024081306 3 251 1387  988      25
2024081312 3 254 1390  985      28
2024081318 3 257 1394  985      28
2024081400 3 260 1400  980      30
2024081406 3 266 1408  980      30
2024081412 4 276 1412  975      33
2024081418 4 285 1413  975      33
2024081500 4 295 1411  975      33
2024081506 4 305 1410  965      38
2024081512 5 315 1408  950      48
2024081518 5 325 1407  945      50
2024081600 5 334 1407  945      50
2024081606 5 341 1410  945      50
2024081612 5 350 1419  950      48
2024081618 5 359 1429  950      48
2024081700 5 366 1439  960      42
2024081706 4 372 1454  965      38
2024081712 4 376 1473  965      38
2024081718 4 385 1497  970      33
2024081800 3 395 1527  975      30
2024081806 3 405 1551  978      28
2024081812 3 418 1580  980      25
2024081818 2 428 1608  982      23
2024081900 9 443 1630  982      23
2024081906 9 462 1656  982      23
2024081912 9 488 1683  985      20
2024081918 9 514 1694  985      20
2024082000 9 533 1698  980      23
2024082006 9 553 1699  980      23
2024082012 9 569 1708  980      23
2024082018 9 582 1721  982      20
2024082100 9 597 1744  982      20
2024082106 9 613 1776  982      20
2024082112 9 625 1816  985      18
66666 2408   13 0009 2408 0 6 WUKONG                             20250301
2024081206 1 250 1488 1005      13
2024081212 1 256 1493 1005      13
2024081218 1 262 1497 1002      15
2024081300 1 269 1500 1002      15
2024081306 2 276 1500 1000      18
2024081312 2 281 1498 1000      18
2024081318 2 286 1496 1000      18
2024081400 2 292 1493 1000      18
2024081406 2 303 1480 1000      18
2024081412 1 319 1472 1002      15
2024081418 1 343 1467 1005      13
2024081500 1 358 1464 1005      13
2024081506 1 373 1472 1005      13
66666 2409   13 0010 2409 0 6 JONGDARI                           20250301
2024081800 1 242 1260 1002      13
2024081806 1 244 1257 1002      13
2024081812 1 246 1256 1002      13
2024081818 1 248 1258 1000      15
2024081900 2 252 1260  998      18
2024081906 2 263 1260  998      18
2024081912 2 276 1258  998      18
2024081918 2 293 1256  995      20
2024082000 2 309 1255  995      20
2024082006 2 325 1255  998      18
2024082012 1 341 1256 1000      15
2024082018 1 358 1257 1002      13
2024082100 1 376 1258 1002      13
66666 2410   48 0011 2410 0 6 SHANSHAN                           20250301
2024082100 1 160 1439 1005      13
2024082106 1 164 1434 1005      13
2024082112 1 167 1426 1002      15
2024082118 2 168 1421 1000      18
2024082200 2 169 1414  992      23
2024082206 2 168 1412  992      23
2024082212 2 166 1413  992      23
2024082218 3 170 1413  990      25
2024082300 3 175 1412  985      28
2024082306 3 179 1412  980      30
2024082312 4 182 1412  975      33
2024082318 4 188 1413  975      33
2024082400 4 200 1413  975      33
2024082406 4 212 1410  975      33
2024082412 4 224 1407  975      33
2024082418 4 238 1398  975      33
2024082500 4 247 1390  975      33
2024082506 4 257 1379  970      35
2024082512 4 264 1365  970      35
2024082518 4 269 1349  965      38
2024082600 4 272 1339  965      38
2024082606 4 275 1327  965      38
2024082612 5 278 1319  960      42
2024082618 5 280 1312  950      48
2024082700 5 282 1308  950      48
2024082706 5 285 1304  950      48
2024082712 6 287 1302  940      52
2024082718 6 289 1301  940      52
2024082800 6 293 1300  940      52
2024082806 6 300 1300  940      52
2024082812 5 306 1301  950      48
2024082818 5 313 1300  960      42
2024082900 4 321 1302  965      38
2024082906 3 328 1302  980      30
2024082912 3 329 1305  990      25
2024082918 2 331 1308  995      20
2024083000 2 335 1316  995      20
2024083006 2 337 1325  998      18
2024083012 1 340 1335 1000      15
2024083018 1 337 1342 1000      15
2024083100 1 335 1352 1000      15
2024083106 1 334 1365 1000      15
2024083112 1 330 1370 1000      15
2024083118 1 331 1371 1000      15
2024090100 1 332 1370 1002      13
2024090106 1 339 1367 1002      13
2024090112 0 347 1365 1005      10
2024090118 0 356 1365 1005      10
66666 2411   36 0012 2411 0 3 YAGI                               20250301
2024090100 1 122 1262 1004      13
2024090106 1 130 1253 1002      15
2024090112 1 139 1245 1002      15
2024090118 2 145 1233  998      18
2024090200 2 152 1228  995      20
2024090206 2 163 1223  995      20
2024090212 2 173 1217  995      20
2024090218 2 181 1208  995      20
2024090300 2 182 1197  990      23
2024090306 2 185 1191  990      23
2024090312 3 187 1186  985      25
2024090318 3 189 1182  980      30
2024090400 4 190 1177  965      38
2024090406 5 191 1174  950      45
2024090412 6 192 1169  935      52
2024090418 6 191 1163  925      58
2024090500 6 190 1157  915      62
2024090506 6 193 1151  925      58
2024090509 6 193 1147  925      58
2024090512 6 193 1142  925      58
2024090515 6 193 1135  915      62
2024090518 6 192 1130  915      62
2024090521 6 192 1126  915      62
2024090600 6 192 1123  915      62
2024090603 6 195 1118  915      62
2024090606 6 197 1113  915      62
2024090609 6 198 1108  920      60
2024090612 6 200 1103  925      58
2024090618 6 203 1090  935      52
2024090700 6 205 1081  930      55
2024090706 6 209 1070  925      58
2024090712 4 210 1060  960      40
2024090718 3 210 1054  980      30
2024090800 2 211 1048  998      18
2024090806 1 214 1042 1000      15
2024090812 1 219 1036 1002      13
66666 2412   25 0013 2412 0 6 LEEPI                              20250301
2024090300 1 246 1469 1008      13
2024090306 1 251 1471 1008      13
2024090312 1 256 1471 1008      13
2024090318 1 269 1471 1008      13
2024090400 1 279 1470 1005      15
2024090406 1 289 1469 1005      15
2024090412 1 299 1466 1005      15
2024090418 1 310 1461 1005      15
2024090500 2 321 1459 1002      18
2024090506 2 331 1458 1002      18
2024090512 2 339 1460 1002      18
2024090518 2 349 1469 1002      18
2024090600 2 358 1482 1002      18
2024090606 2 368 1494 1002      18
2024090612 1 380 1511 1005      15
2024090618 1 391 1531 1005      15
2024090700 1 404 1551 1005      15
2024090706 1 417 1572 1005      15
2024090712 1 439 1601 1005      15
2024090718 9 464 1646 1005      15
2024090800 9 494 1693 1005      15
2024090806 9 516 1740 1005      13
2024090812 9 534 1793 1005      13
2024090818 9 543 1865 1005      13
2024090900 9 545 1917 1005      13
66666 2413   51 0014 2413 0 3 BEBINCA                            20250301
2024090912 1 101 1476 1002      13
2024090918 1 105 1471 1002      13
2024091000 1 110 1465 1002      13
2024091006 1 117 1459 1000      15
2024091012 2 124 1454  998      18
2024091018 2 131 1444  995      20
2024091100 2 136 1433  990      23
2024091106 2 145 1424  990      23
2024091112 3 151 1416  985      25
2024091118 3 160 1408  985      25
2024091200 3 173 1400  982      28
2024091206 3 191 1398  980      30
2024091212 3 204 1388  980      30
2024091218 3 211 1377  985      25
2024091300 2 221 1369  990      23
2024091306 2 235 1356  990      23
2024091312 2 247 1338  990      23
2024091318 2 253 1327  990      23
2024091400 3 262 1315  985      25
2024091406 3 273 1303  982      28
2024091412 3 281 1293  980      30
2024091418 4 288 1280  975      33
2024091500 4 296 1271  970      38
2024091503 4 299 1266  970      38
2024091506 4 301 1262  968      40
2024091509 4 302 1256  968      40
2024091512 4 303 1248  968      40
2024091515 4 303 1241  968      40
2024091518 5 305 1232  965      42
2024091521 5 307 1225  965      42
2024091600 5 309 1218  965      42
2024091603 4 312 1211  975      38
2024091606 4 315 1205  978      33
2024091609 3 316 1199  980      30
2024091612 3 318 1194  985      28
2024091615 2 319 1187  990      23
2024091618 2 322 1181  995      20
2024091621 2 324 1175  998      18
2024091700 2 326 1170  998      18
2024091703 1 328 1167 1002      15
2024091706 1 330 1163 1002      15
2024091709 1 331 1161 1002      15
2024091712 1 331 1159 1005      13
2024091715 1 332 1157 1005      13
2024091718 1 334 1154 1005      13
2024091721 1 335 1152 1005      13
2024091800 0 335 1150 1008      10
2024091803 0 335 1149 1008      10
2024091806 0 333 1148 1008      10
2024091809 0 331 1147 1008      10
2024091812 0 328 1148 1008      10
66666 2414   46 0015 2414 0 3 PULASAN                            20250301
2024091512 1 134 1440 1002      15
2024091518 1 139 1436 1002      15
2024091600 2 147 1431 1000      18
2024091606 2 157 1422 1000      18
2024091612 2 165 1415 1000      18
2024091618 2 177 1405 1000      18
2024091700 2 197 1394  998      20
2024091706 2 214 1366  998      20
2024091712 2 216 1348  998      20
2024091718 2 222 1330  995      23
2024091800 2 232 1320  995      23
2024091806 2 245 1302  995      23
2024091812 2 257 1287  995      23
2024091815 2 266 1272  998      20
2024091818 2 272 1262  998      20
2024091821 2 277 1259  998      20
2024091900 2 285 1255  995      23
2024091903 2 291 1248  995      23
2024091906 2 298 1239  995      23
2024091909 2 302 1227  995      23
2024091912 2 307 1221  995      23
2024091915 2 311 1216  995      23
2024091918 2 315 1209  998      20
2024091921 2 318 1203 1000      18
2024092000 2 319 1200 1000      18
2024092003 1 321 1200 1000      15
2024092006 1 325 1204 1000      15
2024092009 1 327 1206 1000      15
2024092012 1 329 1211 1000      15
2024092018 2 333 1226  998      18
2024092100 2 338 1238  995      20
2024092106 2 344 1256  998      18
2024092112 9 347 1291  998      18
2024092118 9 356 1325  998      18
2024092200 9 373 1379  998      18
2024092206 9 381 1438 1000      15
2024092212 9 394 1478 1000      15
2024092218 9 401 1515 1000      15
2024092300 9 413 1557 1000      15
2024092306 9 423 1594 1000      15
2024092312 9 430 1622 1000      15
2024092318 9 442 1659 1002      13
2024092400 9 448 1690 1002      13
2024092406 9 455 1714 1002      13
2024092412 9 457 1749 1002      13
2024092418 9 457 1786 1002      13
66666 2415   21 0016 2415 0 6 SOULIK                             20250301
2024091506 1 173 1263  998      15
2024091512 1 172 1260  998      15
2024091518 1 171 1256  998      15
2024091600 1 171 1252  998      15
2024091606 1 173 1247  998      15
2024091612 1 174 1234  998      15
2024091618 1 177 1216  998      15
2024091700 1 176 1196  998      15
2024091706 1 173 1176  998      15
2024091712 1 168 1158  998      15
2024091718 1 164 1141  998      15
2024091800 1 165 1128  998      15
2024091806 1 169 1120  998      15
2024091812 1 174 1113  998      15
2024091818 2 177 1100  995      18
2024091900 2 174 1083  995      18
2024091906 2 168 1072  995      18
2024091912 1 164 1066  998      15
2024091918 1 162 1058  998      15
2024092000 1 162 1050  998      15
2024092006 1 166 1042 1000      13
66666 0000    9 0017 0000 0 6 (nameless)                        20250301
2024092012 1 242 1245 1004      13
2024092018 1 250 1238 1004      13
2024092100 1 255 1230 1004      13
2024092106 1 257 1225 1004      13
2024092112 1 256 1216 1004      13
2024092118 1 253 1207 1002      15
2024092200 1 248 1199 1002      15
2024092206 1 245 1192 1002      15
2024092212 1 243 1187 1004      13
66666 2416   18 0018 2416 0 6 CIMARON                            20250301
2024092312 1 288 1312 1002      13
2024092318 1 283 1327 1002      13
2024092400 1 279 1336 1002      13
2024092406 1 278 1342 1002      13
2024092412 1 278 1350 1000      15
2024092418 1 282 1352 1000      15
2024092500 2 283 1346  998      18
2024092506 2 281 1339  998      18
2024092512 2 278 1333  998      18
2024092518 2 279 1328  998      18
2024092600 2 282 1324  998      18
2024092606 1 281 1321 1000      15
2024092612 1 281 1318 1000      15
2024092618 1 282 1317 1000      15
2024092700 1 285 1320 1000      15
2024092706 1 288 1326 1000      15
2024092712 1 294 1329 1000      15
2024092718 1 307 1333 1000      15
66666 2417   27 0019 2417 0 6 JEBI                               20250301
2024092606 1 162 1471 1002      15
2024092612 1 169 1467 1002      15
2024092618 1 177 1460 1002      15
2024092700 2 181 1455 1000      18
2024092706 2 183 1451 1000      18
2024092712 2 184 1448 1000      18
2024092718 2 191 1445 1000      18
2024092800 2 199 1435 1000      18
2024092806 2 206 1429 1000      18
2024092812 2 214 1425 1000      18
2024092818 2 221 1420 1000      18
2024092900 2 226 1416 1000      18
2024092906 2 239 1414 1000      18
2024092912 2 246 1411  998      20
2024092918 2 251 1408  998      20
2024093000 2 259 1402  998      20
2024093006 2 277 1406  995      23
2024093012 3 292 1409  992      25
2024093018 3 305 1412  990      28
2024100100 4 326 1416  980      33
2024100106 4 348 1422  980      33
2024100112 4 369 1434  980      33
2024100118 4 391 1454  980      33
2024100200 4 420 1489  980      33
2024100206 3 450 1524  988      28
2024100212 9 487 1556  990      23
2024100218 9 528 1589  992      18
66666 2418   36 0020 2418 0 3 KRATHON                            20250301
2024092612 1 218 1273 1004      13
2024092618 1 215 1270 1004      13
2024092700 1 211 1267 1004      13
2024092706 1 205 1264 1002      15
2024092712 1 199 1261 1002      15
2024092718 1 193 1259 1002      15
2024092800 2 189 1257  998      18
2024092806 2 187 1254  995      20
2024092812 2 186 1251  990      23
2024092818 3 186 1247  982      28
2024092900 4 187 1243  975      33
2024092906 4 193 1239  965      38
2024092912 5 198 1230  950      45
2024092918 6 199 1223  935      52
2024093000 6 201 1220  935      52
2024093006 6 204 1213  930      55
2024093012 6 205 1204  930      55
2024093018 6 205 1200  920      60
2024100100 6 206 1196  920      60
2024100106 6 209 1195  920      60
2024100112 6 212 1193  935      52
2024100118 5 215 1192  940      50
2024100200 5 216 1193  945      48
2024100206 5 219 1194  945      48
2024100209 5 220 1195  950      45
2024100212 5 220 1195  950      45
2024100215 5 221 1196  950      45
2024100218 5 222 1197  955      42
2024100221 4 223 1199  960      40
2024100300 4 223 1200  965      38
2024100303 4 224 1202  965      38
2024100306 4 226 1204  965      38
2024100309 4 227 1205  975      33
2024100312 3 227 1205  985      25
2024100315 2 226 1206  995      20
2024100318 1 227 1206 1000      15
66666 2419   32 0021 2419 0 6 BARIJAT                            20250301
2024100606 1 178 1455 1005      13
2024100612 1 186 1455 1002      15
2024100618 1 197 1456 1002      15
2024100700 1 209 1460 1002      15
2024100706 1 218 1466 1002      15
2024100712 1 230 1472 1002      15
2024100718 1 239 1474 1002      15
2024100800 1 239 1470 1002      15
2024100806 1 240 1471 1002      15
2024100812 1 240 1473 1002      15
2024100818 1 246 1482 1002      15
2024100900 1 258 1490 1002      15
2024100906 2 277 1494  998      18
2024100912 2 297 1491  998      18
2024100918 2 314 1491  998      18
2024101000 2 326 1501  995      20
2024101006 2 346 1510  995      20
2024101012 2 365 1524  995      20
2024101018 2 395 1539  995      20
2024101100 2 420 1545  995      20
2024101106 9 449 1536  985      23
2024101112 9 463 1526  980      25
2024101118 9 475 1531  980      25
2024101200 9 484 1541  980      25
2024101206 9 489 1556  985      23
2024101212 9 492 1582  990      20
2024101218 9 500 1611  990      20
2024101300 9 508 1632  995      18
2024101306 9 515 1644  995      18
2024101312 9 523 1635  998      15
2024101318 9 530 1612  998      15
2024101400 9 537 1613  998      15
66666 2420   39 0022 2420 0 6 TRAMI                              20250301
2024102000 1 143 1376 1002      13
2024102006 1 144 1368 1002      13
2024102012 1 142 1352 1002      13
2024102018 1 139 1339 1002      13
2024102100 1 137 1326 1000      15
2024102106 1 135 1308 1000      15
2024102112 1 132 1292 1000      15
2024102118 2 133 1282  995      18
2024102200 2 137 1274  995      18
2024102206 2 142 1266  995      18
2024102212 2 146 1259  992      20
2024102218 2 151 1252  992      20
2024102300 2 157 1244  988      23
2024102306 2 163 1235  988      23
2024102312 3 168 1229  985      25
2024102318 3 174 1222  985      25
2024102400 2 171 1212  988      23
2024102406 2 170 1203  988      23
2024102412 2 169 1199  988      23
2024102418 2 169 1193  988      23
2024102500 3 171 1187  985      25
2024102506 3 176 1172  980      28
2024102512 3 176 1159  980      28
2024102518 3 172 1148  978      30
2024102600 3 171 1133  978      30
2024102606 4 170 1119  972      33
2024102612 4 170 1107  972      33
2024102618 3 170 1095  980      28
2024102700 3 167 1085  985      25
2024102706 2 160 1076  995      20
2024102712 2 154 1067  998      18
2024102718 1 155 1078 1000      15
2024102800 1 157 1080 1000      15
2024102806 1 159 1080 1002      13
2024102812 1 162 1083 1002      13
2024102818 1 164 1086 1002      13
2024102900 1 162 1089 1002      13
2024102906 1 162 1093 1002      13
2024102912 1 165 1095 1002      13
66666 2421   41 0023 2421 0 3 KONG-REY                           20250301
2024102418 1 128 1465 1000      15
2024102500 2 136 1451  998      18
2024102506 2 147 1434  998      18
2024102512 2 153 1417  998      18
2024102518 2 164 1396  998      18
2024102600 2 164 1374  998      18
2024102606 2 165 1362  998      18
2024102612 2 167 1347  998      18
2024102618 2 167 1334  998      18
2024102700 2 167 1326  998      18
2024102706 2 167 1320  995      20
2024102712 2 167 1312  990      23
2024102718 3 167 1305  985      25
2024102800 3 167 1294  985      25
2024102806 3 167 1288  982      28
2024102812 3 168 1284  980      30
2024102818 4 171 1280  975      33
2024102900 4 175 1273  965      38
2024102906 5 179 1266  955      42
2024102912 6 185 1261  935      52
2024102918 6 188 1254  930      55
2024103000 6 191 1248  920      60
2024103006 6 198 1243  920      60
2024103009 6 201 1240  920      60
2024103012 6 203 1237  925      58
2024103015 6 207 1232  925      58
2024103018 6 210 1228  930      55
2024103021 6 213 1225  930      55
2024103100 6 218 1222  930      55
2024103103 6 223 1218  930      55
2024103106 5 231 1213  945      48
2024103109 5 236 1204  955      42
2024103112 4 241 1201  965      38
2024103118 3 249 1199  980      28
2024110100 3 267 1206  985      25
2024110106 2 284 1218  990      23
2024110112 2 303 1232  995      23
2024110118 2 322 1265  998      20
2024110200 9 331 1310 1002      18
2024110206 9 347 1368 1004      15
2024110212 9 347 1405 1004      15
66666 2422   42 0024 2422 0 6 YINXING                            20250301
2024110300 1  82 1387 1005      13
2024110306 1  97 1382 1002      15
2024110312 2 110 1364 1000      18
2024110318 2 114 1347  998      20
2024110400 2 121 1332  995      23
2024110406 3 129 1316  988      28
2024110412 3 142 1304  985      30
2024110418 4 153 1290  980      33
2024110500 4 162 1276  970      38
2024110506 4 168 1266  970      38
2024110512 5 174 1257  960      42
2024110518 5 179 1251  960      42
2024110600 5 181 1247  960      42
2024110606 5 181 1244  955      45
2024110612 6 181 1241  940      52
2024110618 6 182 1236  935      55
2024110700 6 185 1231  930      58
2024110706 6 185 1224  920      62
2024110712 6 186 1215  930      58
2024110718 5 186 1205  950      48
2024110800 5 184 1194  960      42
2024110806 5 184 1182  955      45
2024110812 5 184 1170  955      45
2024110818 5 186 1158  950      48
2024110900 5 188 1150  950      48
2024110906 5 190 1141  945      50
2024110912 5 191 1137  945      50
2024110918 5 191 1133  950      48
2024111000 5 190 1131  960      42
2024111006 4 188 1129  965      40
2024111012 4 187 1128  975      35
2024111018 3 178 1119  985      28
2024111100 2 171 1114  985      28
2024111106 2 163 1107  985      28
2024111112 2 157 1103  995      20
2024111118 2 150 1100 1000      18
2024111200 1 143 1095 1002      15
2024111206 1 142 1092 1002      15
2024111212 1 141 1084 1005      13
2024111218 1 136 1077 1005      13
2024111300 0 136 1060 1008      10
2024111306 0 138 1044 1008      10
66666 2423   30 0025 2423 0 6 TORAJI                             20250301
2024110806 1 145 1375 1002      13
2024110812 1 145 1361 1002      13
2024110818 1 145 1349 1002      13
2024110900 1 144 1332 1000      15
2024110906 2 144 1314  998      18
2024110912 2 147 1300  990      23
2024110918 3 150 1285  982      28
2024111000 3 151 1270  980      30
2024111006 4 152 1254  975      33
2024111012 4 155 1244  970      35
2024111018 4 159 1234  965      38
2024111100 4 163 1223  965      38
2024111106 4 169 1211  970      35
2024111112 3 178 1200  980      30
2024111118 3 182 1191  985      25
2024111200 3 186 1186  985      25
2024111206 3 191 1181  985      25
2024111212 3 197 1175  985      25
2024111218 2 200 1170  990      23
2024111300 2 202 1163  990      23
2024111306 2 206 1156  990      23
2024111312 2 209 1150  990      23
2024111318 2 211 1145  990      23
2024111400 2 212 1141  995      20
2024111406 2 212 1138  998      18
2024111412 1 212 1135 1002      15
2024111418 1 211 1132 1002      15
2024111500 1 209 1129 1004      13
2024111506 1 206 1133 1004      13
2024111512 1 203 1136 1004      13
66666 2424   47 0026 2424 0 6 MAN-YI                             20250301
2024110812 1 116 1636 1005      13
2024110818 1 124 1620 1002      15
2024110900 1 137 1604 1002      15
2024110906 2 146 1592 1000      18
2024110912 2 151 1585  998      20
2024110918 2 158 1573  995      23
2024111000 2 159 1562  995      23
2024111006 2 158 1556  995      23
2024111012 2 156 1548  995      23
2024111018 2 154 1540  995      23
2024111100 2 151 1531  995      23
2024111106 2 145 1525  995      23
2024111112 2 143 1517  995      23
2024111118 2 142 1504  995      23
2024111200 2 141 1490  995      23
2024111206 2 141 1475  998      20
2024111212 2 140 1464  998      20
2024111218 2 134 1451  998      20
2024111300 2 126 1441  998      20
2024111306 2 122 1428 1000      18
2024111312 2 118 1413  998      20
2024111318 2 114 1395  995      23
2024111400 2 108 1383  995      23
2024111406 3 105 1371  990      25
2024111412 3 105 1351  988      28
2024111418 4 104 1334  980      33
2024111500 4 106 1319  970      38
2024111506 5 109 1304  960      42
2024111512 5 114 1291  950      48
2024111518 6 119 1279  940      52
2024111600 6 125 1267  920      62
2024111606 6 132 1256  920      62
2024111612 6 139 1246  920      62
2024111618 6 143 1238  930      58
2024111700 6 150 1229  930      58
2024111706 6 158 1219  930      58
2024111712 5 166 1207  950      48
2024111718 4 176 1193  970      35
2024111800 3 181 1182  980      30
2024111806 3 184 1170  980      30
2024111812 3 186 1161  985      28
2024111818 2 187 1153  990      23
2024111900 2 188 1142  995      20
2024111906 2 187 1131  995      20
2024111912 2 182 1121 1000      18
2024111918 1 173 1112 1002      15
2024112000 1 170 1110 1005      13
66666 2425   27 0027 2425 0 6 USAGI                              20250301
2024111000 1  93 1468 1004      13
2024111006 1 102 1445 1004      13
2024111012 1 108 1425 1004      13
2024111018 1 115 1407 1004      13
2024111100 1 120 1394 1002      15
2024111106 1 123 1382 1002      15
2024111112 2 125 1365  998      18
2024111118 2 128 1350  995      20
2024111200 2 134 1337  990      23
2024111206 3 140 1320  985      25
2024111212 3 142 1305  980      28
2024111218 4 147 1290  975      33
2024111300 4 150 1279  965      38
2024111306 5 156 1265  955      42
2024111312 6 162 1253  935      52
2024111318 6 166 1239  925      58
2024111400 6 172 1231  925      58
2024111406 6 180 1221  935      52
2024111412 5 188 1215  950      45
2024111418 4 196 1205  960      40
2024111500 4 202 1200  970      35
2024111506 3 211 1197  980      30
2024111512 3 217 1197  985      25
2024111518 2 222 1199  995      20
2024111600 2 224 1203  998      18
2024111606 1 221 1206 1000      15
2024111612 1 221 1202 1002      13
66666 2426   16 0028 2426 0 6 PABUK                              20250301
2024122212 1 102 1139 1004      13
2024122218 1 109 1133 1002      15
2024122300 1 111 1129 1002      15
2024122306 2 112 1127 1000      18
2024122312 2 113 1126 1000      18
2024122318 2 114 1125 1000      18
2024122400 2 115 1123 1000      18
2024122406 2 117 1120 1000      18
2024122412 2 117 1115 1000      18
2024122418 2 112 1111 1000      18
2024122500 1 106 1106 1002      15
2024122506 1  97 1103 1002      15
2024122512 1  91 1097 1004      13
2024122518 1  88 1090 1004      13
2024122600 1  86 1084 1004      13
2024122606 1  86 1077 1004      13